50 96
0 26 15
0 14 20
0 12 27
0 9 1
0 7 26
0 1 5
0 2 40
0 3 31
0 4 27
1 43 19
1 9 33
1 35 48
1 47 25
1 23 28
1 18 22
1 17 5
1 2 25
1 3 1
1 4 26
2 19 19
2 28 19
2 27 41
2 3 25
2 4 50
3 47 17
3 13 43
3 37 49
3 32 36
3 4 22
4 23 46
4 11 27
4 49 7
4 47 40
4 44 26
4 40 8
5 6 7
5 7 5
6 7 44
8 9 3
8 10 50
9 10 17
11 19 38
11 12 36
13 14 42
13 15 50
13 16 32
14 15 30
14 16 1
15 16 4
18 19 10
18 20 36
18 21 44
19 45 34
19 20 6
19 21 48
20 21 39
21 29 14
22 23 39
22 24 21
22 25 5
23 24 24
23 25 9
24 25 1
26 46 21
26 27 5
28 29 34
28 30 42
28 31 27
29 30 47
29 31 18
30 31 8
31 39 30
32 33 38
32 34 9
32 35 36
33 34 8
33 35 16
34 35 4
36 37 21
38 39 46
38 40 29
38 41 31
38 42 39
39 40 15
39 41 32
39 42 7
40 41 49
40 42 49
41 42 38
43 44 46
45 46 44
45 47 14
45 48 30
46 47 31
46 48 41
47 48 35
8
3
8
10
8
7
6
1
1
3
9
10
6
7
5
2
10
1
4
3
3
9
9
3
5
8
10
1
2
7
10
3
6
8
10
3
3
2
10
6
7
5
9
6
8
10
5
9
6
1